500 500  0
500 -500 0
-500 -500 0
-500 500 0
-500 1500 0
500 1500 0
1500 500 0
1500 -500 0
500 -1500 0
-500 -1500 0
-1500 -500 0
-1500 500 0
1500 1500 0
1500 -1500 0
-1500 -1500 0
-1500 1500 0
-500 2500 0
500 2500 0
2500 500 0
2500 -500 0
500 -2500 0
-500 -2500 0
-2500 -500 0
-2500 500 0
1500 2500 0
2500 1500 0
2500 -1500 0
1500 -2500 0
-1500 -2500 0
-2500 -1500 0
-2500 1500 0
-1500 2500 0
2500 2500 0
2500 -2500 0
-2500 -2500 0
-2500 2500 0
-500 3500 0
500 3500 0
3500 500 0
3500 -500 0
500 -3500 0
-500 -3500 0
-3500 -500 0
-3500 500 0
-1500 3500 0
1500 3500 0
3500 1500 0
3500 -1500 0
1500 -3500 0
-1500 -3500 0
-3500 -1500 0
-3500 1500 0
